generated_at=2026-07-12T23:31:41.433778+00:00
generated_at_utc=2026-07-12T23:31:41.433843+00:00
source_commit_sha=66a744919e2e480b7d5c604e0073b8edfbef9fc7
schema_version=g_library_public_export_v2
