generated_at=2026-07-12T22:25:01.090623+00:00
generated_at_utc=2026-07-12T22:25:01.090700+00:00
source_commit_sha=9465f285f1e5515a04b6534190ce80265f467d27
schema_version=g_library_public_export_v2
