generated_at=2026-07-13T19:55:00.812798+00:00
generated_at_utc=2026-07-13T19:55:00.812943+00:00
source_commit_sha=3be2b7e53efcf5cb3e18904e52ec4df083089d57
schema_version=g_library_public_export_v2
