generated_at=2026-07-13T11:49:46.941652+00:00
generated_at_utc=2026-07-13T11:49:46.941822+00:00
source_commit_sha=932c33b7967e3748bad0bb78d6b4ec8e9594e303
schema_version=g_library_public_export_v2
