generated_at=2026-07-12T22:56:48.986047+00:00
generated_at_utc=2026-07-12T22:56:48.986203+00:00
source_commit_sha=6199a07caa448634d3291944265b2a874e0d0707
schema_version=g_library_public_export_v2
