generated_at=2026-07-12T16:57:38.827499+00:00
generated_at_utc=2026-07-12T16:57:38.827570+00:00
source_commit_sha=32d69f5d016f0b292a794b5c4d1ed3cb32d8da3d
schema_version=g_library_public_export_v2
