generated_at=2026-07-13T18:36:12.663201+00:00
generated_at_utc=2026-07-13T18:36:12.663366+00:00
source_commit_sha=2f83f17401c715a9954c8d7813e7eafa9e289aee
schema_version=g_library_public_export_v2
