generated_at=2026-07-12T23:29:03.928455+00:00
generated_at_utc=2026-07-12T23:29:03.928519+00:00
source_commit_sha=8f7b80c42e49380d911a4468679b180817b31dff
schema_version=g_library_public_export_v2
