generated_at=2026-07-12T21:30:58.988778+00:00
generated_at_utc=2026-07-12T21:30:58.988954+00:00
source_commit_sha=0f3e24f89e7777fe2ba972caa3013c34282462f3
schema_version=g_library_public_export_v2
