generated_at=2026-07-12T23:45:35.173565+00:00
generated_at_utc=2026-07-12T23:45:35.173699+00:00
source_commit_sha=61b1868da756a86b837272658aed1afe0ad1521d
schema_version=g_library_public_export_v2
