generated_at=2026-07-13T18:48:11.043276+00:00
generated_at_utc=2026-07-13T18:48:11.043349+00:00
source_commit_sha=565847dda0d2b998a1daeba0e55572b5e823a7ef
schema_version=g_library_public_export_v2
