generated_at=2026-07-12T22:40:20.402643+00:00
generated_at_utc=2026-07-12T22:40:20.402714+00:00
source_commit_sha=7ebf11dd6e4d1201a30671d7243ddd5a793c045a
schema_version=g_library_public_export_v2
